# Created by Octave 4.4.0, Sun Jul 08 00:48:02 2018 GMT <unknown@LOKESH-PC>
# name: y
# type: matrix
# rows: 108
# columns: 1
 4
 9
 2
 5
 6
 1
 10
 7
 4
 6
 3
 10
 2
 2
 1
 9
 9
 7
 4
 2
 8
 6
 4
 1
 5
 2
 4
 1
 2
 1
 8
 9
 2
 1
 9
 10
 4
 9
 4
 5
 6
 1
 10
 7
 4
 6
 3
 10
 4
 9
 4
 5
 6
 1
 10
 7
 4
 6
 3
 10
 4
 4
 10
 3
 2
 1
 10
 8
 3
 5
 10
 5
 4
 9
 2
 5
 6
 1
 10
 7
 4
 6
 3
 10
 4
 6
 2
 10
 2
 10
 5
 4
 2
 5
 3
 9
 9
 6
 3
 10
 2
 1
 5
 4
 10
 8
 5
 8


